Lívia Lutz dos Santos - 2211055
Ana Luiza Pinto Marques - 2211960

Saída do programa :

Matriz de 1024 x 1024 :

Executing scalar_matrix_mult(  5.0, matrixA)...
6.167000 ms
---------- Matrix A ----------
10.000000 10.000000 10.000000 10.000000 10.000000 10.000000 10.000000 10.000000 
10.000000 10.000000 10.000000 10.000000 10.000000 10.000000 10.000000 10.000000 
10.000000 10.000000 10.000000 10.000000 10.000000 10.000000 10.000000 10.000000 
10.000000 10.000000 10.000000 10.000000 10.000000 10.000000 10.000000 10.000000 
10.000000 10.000000 10.000000 10.000000 10.000000 10.000000 10.000000 10.000000 
10.000000 10.000000 10.000000 10.000000 10.000000 10.000000 10.000000 10.000000 
10.000000 10.000000 10.000000 10.000000 10.000000 10.000000 10.000000 10.000000 
10.000000 10.000000 10.000000 10.000000 10.000000 10.000000 10.000000 10.000000 
10.000000 10.000000 10.000000 10.000000 10.000000 10.000000 10.000000 10.000000 
10.000000 10.000000 10.000000 10.000000 10.000000 10.000000 10.000000 10.000000 
10.000000 10.000000 10.000000 10.000000 10.000000 10.000000 10.000000 10.000000 
10.000000 10.000000 10.000000 10.000000 10.000000 10.000000 10.000000 10.000000 
10.000000 10.000000 10.000000 10.000000 10.000000 10.000000 10.000000 10.000000 
10.000000 10.000000 10.000000 10.000000 10.000000 10.000000 10.000000 10.000000 
10.000000 10.000000 10.000000 10.000000 10.000000 10.000000 10.000000 10.000000 
10.000000 10.000000 10.000000 10.000000 10.000000 10.000000 10.000000 10.000000 
10.000000 10.000000 10.000000 10.000000 10.000000 10.000000 10.000000 10.000000 
10.000000 10.000000 10.000000 10.000000 10.000000 10.000000 10.000000 10.000000 
10.000000 10.000000 10.000000 10.000000 10.000000 10.000000 10.000000 10.000000 
10.000000 10.000000 10.000000 10.000000 10.000000 10.000000 10.000000 10.000000 
10.000000 10.000000 10.000000 10.000000 10.000000 10.000000 10.000000 10.000000 
10.000000 10.000000 10.000000 10.000000 10.000000 10.000000 10.000000 10.000000 
10.000000 10.000000 10.000000 10.000000 10.000000 10.000000 10.000000 10.000000 
10.000000 10.000000 10.000000 10.000000 10.000000 10.000000 10.000000 10.000000 
10.000000 10.000000 10.000000 10.000000 10.000000 10.000000 10.000000 10.000000 
10.000000 10.000000 10.000000 10.000000 10.000000 10.000000 10.000000 10.000000 
10.000000 10.000000 10.000000 10.000000 10.000000 10.000000 10.000000 10.000000 
10.000000 10.000000 10.000000 10.000000 10.000000 10.000000 10.000000 10.000000 
10.000000 10.000000 10.000000 10.000000 10.000000 10.000000 10.000000 10.000000 
10.000000 10.000000 10.000000 10.000000 10.000000 10.000000 10.000000 10.000000 
10.000000 10.000000 10.000000 10.000000 10.000000 10.000000 10.000000 10.000000 
10.000000 10.000000 10.000000 10.000000 10.000000 10.000000 10.000000 10.000000 
10.000000 Ooops...256 printing limit found...skipping printing...
Writing first result: result1.dat...
Executing matrix_matrix_mult(matrixA, matrixB, matrixC)...
4841.149902 ms
---------- Matrix C ----------
51200.000000 51200.000000 51200.000000 51200.000000 51200.000000 51200.000000 
51200.000000 51200.000000 51200.000000 51200.000000 51200.000000 51200.000000 
51200.000000 51200.000000 51200.000000 51200.000000 51200.000000 51200.000000 
51200.000000 51200.000000 51200.000000 51200.000000 51200.000000 51200.000000 
51200.000000 51200.000000 51200.000000 51200.000000 51200.000000 51200.000000 
51200.000000 51200.000000 51200.000000 51200.000000 51200.000000 51200.000000 
51200.000000 51200.000000 51200.000000 51200.000000 51200.000000 51200.000000 
51200.000000 51200.000000 51200.000000 51200.000000 51200.000000 51200.000000 
51200.000000 51200.000000 51200.000000 51200.000000 51200.000000 51200.000000 
51200.000000 51200.000000 51200.000000 51200.000000 51200.000000 51200.000000 
51200.000000 51200.000000 51200.000000 51200.000000 51200.000000 51200.000000 
51200.000000 51200.000000 51200.000000 51200.000000 51200.000000 51200.000000 
51200.000000 51200.000000 51200.000000 51200.000000 51200.000000 51200.000000 
51200.000000 51200.000000 51200.000000 51200.000000 51200.000000 51200.000000 
51200.000000 51200.000000 51200.000000 51200.000000 51200.000000 51200.000000 
51200.000000 51200.000000 51200.000000 51200.000000 51200.000000 51200.000000 
51200.000000 51200.000000 51200.000000 51200.000000 51200.000000 51200.000000 
51200.000000 51200.000000 51200.000000 51200.000000 51200.000000 51200.000000 
51200.000000 51200.000000 51200.000000 51200.000000 51200.000000 51200.000000 
51200.000000 51200.000000 51200.000000 51200.000000 51200.000000 51200.000000 
51200.000000 51200.000000 51200.000000 51200.000000 51200.000000 51200.000000 
51200.000000 51200.000000 51200.000000 51200.000000 51200.000000 51200.000000 
51200.000000 51200.000000 51200.000000 51200.000000 51200.000000 51200.000000 
51200.000000 51200.000000 51200.000000 51200.000000 51200.000000 51200.000000 
51200.000000 51200.000000 51200.000000 51200.000000 51200.000000 51200.000000 
51200.000000 51200.000000 51200.000000 51200.000000 51200.000000 51200.000000 
51200.000000 51200.000000 51200.000000 51200.000000 51200.000000 51200.000000 
51200.000000 51200.000000 51200.000000 51200.000000 51200.000000 51200.000000 
51200.000000 51200.000000 51200.000000 51200.000000 51200.000000 51200.000000 
51200.000000 51200.000000 51200.000000 51200.000000 51200.000000 51200.000000 
51200.000000 51200.000000 51200.000000 51200.000000 51200.000000 51200.000000 
51200.000000 51200.000000 51200.000000 51200.000000 51200.000000 51200.000000 
51200.000000 51200.000000 51200.000000 51200.000000 51200.000000 51200.000000 
51200.000000 51200.000000 51200.000000 51200.000000 51200.000000 51200.000000 
51200.000000 51200.000000 51200.000000 51200.000000 51200.000000 51200.000000 
51200.000000 51200.000000 51200.000000 51200.000000 51200.000000 51200.000000 
51200.000000 51200.000000 51200.000000 51200.000000 51200.000000 51200.000000 
51200.000000 51200.000000 51200.000000 51200.000000 51200.000000 51200.000000 
51200.000000 51200.000000 51200.000000 51200.000000 51200.000000 51200.000000 
51200.000000 51200.000000 51200.000000 51200.000000 51200.000000 51200.000000 
51200.000000 51200.000000 51200.000000 51200.000000 51200.000000 51200.000000 
51200.000000 51200.000000 51200.000000 51200.000000 51200.000000 51200.000000 
51200.000000 51200.000000 51200.000000 51200.000000 51200.000000 
Ooops...256 printing limit found...skipping printing...
Writing second result: result2.dat...
Checking matrixC for errors...
No errors found
2.102000 ms
Overall time: 4882.039062 ms


Matriz de 2028 x 2048 :

Executing scalar_matrix_mult(  5.0, matrixA)...
13.258000 ms
---------- Matrix A ----------
10.000000 10.000000 10.000000 10.000000 10.000000 10.000000 10.000000 10.000000 
10.000000 10.000000 10.000000 10.000000 10.000000 10.000000 10.000000 10.000000 
10.000000 10.000000 10.000000 10.000000 10.000000 10.000000 10.000000 10.000000 
10.000000 10.000000 10.000000 10.000000 10.000000 10.000000 10.000000 10.000000 
10.000000 10.000000 10.000000 10.000000 10.000000 10.000000 10.000000 10.000000 
10.000000 10.000000 10.000000 10.000000 10.000000 10.000000 10.000000 10.000000 
10.000000 10.000000 10.000000 10.000000 10.000000 10.000000 10.000000 10.000000 
10.000000 10.000000 10.000000 10.000000 10.000000 10.000000 10.000000 10.000000 
10.000000 10.000000 10.000000 10.000000 10.000000 10.000000 10.000000 10.000000 
10.000000 10.000000 10.000000 10.000000 10.000000 10.000000 10.000000 10.000000 
10.000000 10.000000 10.000000 10.000000 10.000000 10.000000 10.000000 10.000000 
10.000000 10.000000 10.000000 10.000000 10.000000 10.000000 10.000000 10.000000 
10.000000 10.000000 10.000000 10.000000 10.000000 10.000000 10.000000 10.000000 
10.000000 10.000000 10.000000 10.000000 10.000000 10.000000 10.000000 10.000000 
10.000000 10.000000 10.000000 10.000000 10.000000 10.000000 10.000000 10.000000 
10.000000 10.000000 10.000000 10.000000 10.000000 10.000000 10.000000 10.000000 
10.000000 10.000000 10.000000 10.000000 10.000000 10.000000 10.000000 10.000000 
10.000000 10.000000 10.000000 10.000000 10.000000 10.000000 10.000000 10.000000 
10.000000 10.000000 10.000000 10.000000 10.000000 10.000000 10.000000 10.000000 
10.000000 10.000000 10.000000 10.000000 10.000000 10.000000 10.000000 10.000000 
10.000000 10.000000 10.000000 10.000000 10.000000 10.000000 10.000000 10.000000 
10.000000 10.000000 10.000000 10.000000 10.000000 10.000000 10.000000 10.000000 
10.000000 10.000000 10.000000 10.000000 10.000000 10.000000 10.000000 10.000000 
10.000000 10.000000 10.000000 10.000000 10.000000 10.000000 10.000000 10.000000 
10.000000 10.000000 10.000000 10.000000 10.000000 10.000000 10.000000 10.000000 
10.000000 10.000000 10.000000 10.000000 10.000000 10.000000 10.000000 10.000000 
10.000000 10.000000 10.000000 10.000000 10.000000 10.000000 10.000000 10.000000 
10.000000 10.000000 10.000000 10.000000 10.000000 10.000000 10.000000 10.000000 
10.000000 10.000000 10.000000 10.000000 10.000000 10.000000 10.000000 10.000000 
10.000000 10.000000 10.000000 10.000000 10.000000 10.000000 10.000000 10.000000 
10.000000 10.000000 10.000000 10.000000 10.000000 10.000000 10.000000 10.000000 
10.000000 10.000000 10.000000 10.000000 10.000000 10.000000 10.000000 10.000000 
10.000000 Ooops...256 printing limit found...skipping printing...
Writing first result: result1.dat...
Executing matrix_matrix_mult(matrixA, matrixB, matrixC)...
39059.988281 ms


---------- Matrix C ----------
102400.000000 102400.000000 102400.000000 102400.000000 102400.000000 102400.000000 
102400.000000 102400.000000 102400.000000 102400.000000 102400.000000 102400.000000 
102400.000000 102400.000000 102400.000000 102400.000000 102400.000000 102400.000000 
102400.000000 102400.000000 102400.000000 102400.000000 102400.000000 102400.000000 
102400.000000 102400.000000 102400.000000 102400.000000 102400.000000 102400.000000 
102400.000000 102400.000000 102400.000000 102400.000000 102400.000000 102400.000000 
102400.000000 102400.000000 102400.000000 102400.000000 102400.000000 102400.000000 
102400.000000 102400.000000 102400.000000 102400.000000 102400.000000 102400.000000 
102400.000000 102400.000000 102400.000000 102400.000000 102400.000000 102400.000000 
102400.000000 102400.000000 102400.000000 102400.000000 102400.000000 102400.000000 
102400.000000 102400.000000 102400.000000 102400.000000 102400.000000 102400.000000 
102400.000000 102400.000000 102400.000000 102400.000000 102400.000000 102400.000000 
102400.000000 102400.000000 102400.000000 102400.000000 102400.000000 102400.000000 
102400.000000 102400.000000 102400.000000 102400.000000 102400.000000 102400.000000 
102400.000000 102400.000000 102400.000000 102400.000000 102400.000000 102400.000000 
102400.000000 102400.000000 102400.000000 102400.000000 102400.000000 102400.000000 
102400.000000 102400.000000 102400.000000 102400.000000 102400.000000 102400.000000 
102400.000000 102400.000000 102400.000000 102400.000000 102400.000000 102400.000000 
102400.000000 102400.000000 102400.000000 102400.000000 102400.000000 102400.000000 
102400.000000 102400.000000 102400.000000 102400.000000 102400.000000 102400.000000 
102400.000000 102400.000000 102400.000000 102400.000000 102400.000000 102400.000000 
102400.000000 102400.000000 102400.000000 102400.000000 102400.000000 102400.000000 
102400.000000 102400.000000 102400.000000 102400.000000 102400.000000 102400.000000 
102400.000000 102400.000000 102400.000000 102400.000000 102400.000000 102400.000000 
102400.000000 102400.000000 102400.000000 102400.000000 102400.000000 102400.000000 
102400.000000 102400.000000 102400.000000 102400.000000 102400.000000 102400.000000 
102400.000000 102400.000000 102400.000000 102400.000000 102400.000000 102400.000000 
102400.000000 102400.000000 102400.000000 102400.000000 102400.000000 102400.000000 
102400.000000 102400.000000 102400.000000 102400.000000 102400.000000 102400.000000 
102400.000000 102400.000000 102400.000000 102400.000000 102400.000000 102400.000000 
102400.000000 102400.000000 102400.000000 102400.000000 102400.000000 102400.000000 
102400.000000 102400.000000 102400.000000 102400.000000 102400.000000 102400.000000 
102400.000000 102400.000000 102400.000000 102400.000000 102400.000000 102400.000000 
102400.000000 102400.000000 102400.000000 102400.000000 102400.000000 102400.000000 
102400.000000 102400.000000 102400.000000 102400.000000 102400.000000 102400.000000 
102400.000000 102400.000000 102400.000000 102400.000000 102400.000000 102400.000000 
102400.000000 102400.000000 102400.000000 102400.000000 102400.000000 102400.000000 
102400.000000 102400.000000 102400.000000 102400.000000 102400.000000 102400.000000 
102400.000000 102400.000000 102400.000000 102400.000000 102400.000000 102400.000000 
102400.000000 102400.000000 102400.000000 102400.000000 102400.000000 102400.000000 
102400.000000 102400.000000 102400.000000 102400.000000 102400.000000 102400.000000 
102400.000000 102400.000000 102400.000000 102400.000000 102400.000000 102400.000000 
102400.000000 102400.000000 102400.000000 102400.000000 102400.000000 
Ooops...256 printing limit found...skipping printing...
Writing second result: result2.dat...
Checking matrixC for errors...
No errors found
8.392000 ms
Overall time: 39137.718750 ms

Saída do comando lscpu : 