Lívia Lutz dos Santos - 2211055
Ana Luiza Pinto Marques - 2211960

Saída do programa :

Matriz de 1024 x 1024 (FULL):
Executing scalar_matrix_mult(  5.0, matrixA)...
0.144000 ms
---------- Matrix A ----------
10.000000 10.000000 10.000000 10.000000 10.000000 10.000000 10.000000 10.000000 10.000000 10.000000 10.000000 10.000000 
10.000000 10.000000 10.000000 10.000000 10.000000 10.000000 10.000000 10.000000 10.000000 10.000000 10.000000 10.000000 
10.000000 10.000000 10.000000 10.000000 10.000000 10.000000 10.000000 10.000000 10.000000 10.000000 10.000000 10.000000 
10.000000 10.000000 10.000000 10.000000 10.000000 10.000000 10.000000 10.000000 10.000000 10.000000 10.000000 10.000000 
10.000000 10.000000 10.000000 10.000000 10.000000 10.000000 10.000000 10.000000 10.000000 10.000000 10.000000 10.000000 
10.000000 10.000000 10.000000 10.000000 10.000000 10.000000 10.000000 10.000000 10.000000 10.000000 10.000000 10.000000 
10.000000 10.000000 10.000000 10.000000 10.000000 10.000000 10.000000 10.000000 10.000000 10.000000 10.000000 10.000000 
10.000000 10.000000 10.000000 10.000000 10.000000 10.000000 10.000000 10.000000 10.000000 10.000000 10.000000 10.000000 
10.000000 10.000000 10.000000 10.000000 10.000000 10.000000 10.000000 10.000000 10.000000 10.000000 10.000000 10.000000 
10.000000 10.000000 10.000000 10.000000 10.000000 10.000000 10.000000 10.000000 10.000000 10.000000 10.000000 10.000000 
10.000000 10.000000 10.000000 10.000000 10.000000 10.000000 10.000000 10.000000 10.000000 10.000000 10.000000 10.000000 
10.000000 10.000000 10.000000 10.000000 10.000000 10.000000 10.000000 10.000000 10.000000 10.000000 10.000000 10.000000 
10.000000 10.000000 10.000000 10.000000 10.000000 10.000000 10.000000 10.000000 10.000000 10.000000 10.000000 10.000000 
10.000000 10.000000 10.000000 10.000000 10.000000 10.000000 10.000000 10.000000 10.000000 10.000000 10.000000 10.000000 
10.000000 10.000000 10.000000 10.000000 10.000000 10.000000 10.000000 10.000000 10.000000 10.000000 10.000000 10.000000 
10.000000 10.000000 10.000000 10.000000 10.000000 10.000000 10.000000 10.000000 10.000000 10.000000 10.000000 10.000000 
10.000000 10.000000 10.000000 10.000000 10.000000 10.000000 10.000000 10.000000 10.000000 10.000000 10.000000 10.000000 
10.000000 10.000000 10.000000 10.000000 10.000000 10.000000 10.000000 10.000000 10.000000 10.000000 10.000000 10.000000 
10.000000 10.000000 10.000000 10.000000 10.000000 10.000000 10.000000 10.000000 10.000000 10.000000 10.000000 10.000000 
10.000000 10.000000 10.000000 10.000000 10.000000 10.000000 10.000000 10.000000 10.000000 10.000000 10.000000 10.000000 
10.000000 10.000000 10.000000 10.000000 10.000000 10.000000 10.000000 10.000000 10.000000 10.000000 10.000000 10.000000 
10.000000 10.000000 10.000000 10.000000 10.000000 Ooops...256 printing limit found...skipping printing...
Writing first result: result1.dat...
Checking matrixA for errors...
No errors found
Executing matrix_matrix_mult(matrixA, matrixB, matrixC)...
313.578003 ms
---------- Matrix C ----------
51200.000000 51200.000000 51200.000000 51200.000000 51200.000000 51200.000000 51200.000000 51200.000000 51200.000000 
51200.000000 51200.000000 51200.000000 51200.000000 51200.000000 51200.000000 51200.000000 51200.000000 51200.000000 
51200.000000 51200.000000 51200.000000 51200.000000 51200.000000 51200.000000 51200.000000 51200.000000 51200.000000 
51200.000000 51200.000000 51200.000000 51200.000000 51200.000000 51200.000000 51200.000000 51200.000000 51200.000000 
51200.000000 51200.000000 51200.000000 51200.000000 51200.000000 51200.000000 51200.000000 51200.000000 51200.000000 
51200.000000 51200.000000 51200.000000 51200.000000 51200.000000 51200.000000 51200.000000 51200.000000 51200.000000 
51200.000000 51200.000000 51200.000000 51200.000000 51200.000000 51200.000000 51200.000000 51200.000000 51200.000000 
51200.000000 51200.000000 51200.000000 51200.000000 51200.000000 51200.000000 51200.000000 51200.000000 51200.000000 
51200.000000 51200.000000 51200.000000 51200.000000 51200.000000 51200.000000 51200.000000 51200.000000 51200.000000 
51200.000000 51200.000000 51200.000000 51200.000000 51200.000000 51200.000000 51200.000000 51200.000000 51200.000000 
51200.000000 51200.000000 51200.000000 51200.000000 51200.000000 51200.000000 51200.000000 51200.000000 51200.000000 
51200.000000 51200.000000 51200.000000 51200.000000 51200.000000 51200.000000 51200.000000 51200.000000 51200.000000 
51200.000000 51200.000000 51200.000000 51200.000000 51200.000000 51200.000000 51200.000000 51200.000000 51200.000000 
51200.000000 51200.000000 51200.000000 51200.000000 51200.000000 51200.000000 51200.000000 51200.000000 51200.000000 
51200.000000 51200.000000 51200.000000 51200.000000 51200.000000 51200.000000 51200.000000 51200.000000 51200.000000 
51200.000000 51200.000000 51200.000000 51200.000000 51200.000000 51200.000000 51200.000000 51200.000000 51200.000000 
51200.000000 51200.000000 51200.000000 51200.000000 51200.000000 51200.000000 51200.000000 51200.000000 51200.000000 
51200.000000 51200.000000 51200.000000 51200.000000 51200.000000 51200.000000 51200.000000 51200.000000 51200.000000 
51200.000000 51200.000000 51200.000000 51200.000000 51200.000000 51200.000000 51200.000000 51200.000000 51200.000000 
51200.000000 51200.000000 51200.000000 51200.000000 51200.000000 51200.000000 51200.000000 51200.000000 51200.000000 
51200.000000 51200.000000 51200.000000 51200.000000 51200.000000 51200.000000 51200.000000 51200.000000 51200.000000 
51200.000000 51200.000000 51200.000000 51200.000000 51200.000000 51200.000000 51200.000000 51200.000000 51200.000000 
51200.000000 51200.000000 51200.000000 51200.000000 51200.000000 51200.000000 51200.000000 51200.000000 51200.000000 
51200.000000 51200.000000 51200.000000 51200.000000 51200.000000 51200.000000 51200.000000 51200.000000 51200.000000 
51200.000000 51200.000000 51200.000000 51200.000000 51200.000000 51200.000000 51200.000000 51200.000000 51200.000000 
51200.000000 51200.000000 51200.000000 51200.000000 51200.000000 51200.000000 51200.000000 51200.000000 51200.000000 
51200.000000 51200.000000 51200.000000 51200.000000 51200.000000 51200.000000 51200.000000 51200.000000 51200.000000 
51200.000000 51200.000000 51200.000000 51200.000000 51200.000000 51200.000000 51200.000000 51200.000000 51200.000000 
51200.000000 51200.000000 51200.000000 51200.000000 51200.000000 Ooops...256 printing limit found...skipping printing...
Writing second result: result2.dat...
Checking matrixC for errors...
No errors found
1.122000 ms
Overall time: 412.120972 ms

Matriz de 1024 x 1024 (PARCIAL):
Copying arrays from host to device...Executing scalar_matrix_mult(  5.0, matrixA)...
0.144000 ms
---------- Matrix A ----------
10.000000 10.000000 10.000000 10.000000 10.000000 10.000000 10.000000 10.000000 10.000000 10.000000 10.000000 
10.000000 10.000000 10.000000 10.000000 10.000000 10.000000 10.000000 10.000000 10.000000 10.000000 10.000000 
10.000000 10.000000 10.000000 10.000000 10.000000 10.000000 10.000000 10.000000 10.000000 10.000000 10.000000 
10.000000 10.000000 10.000000 10.000000 10.000000 10.000000 10.000000 10.000000 10.000000 10.000000 10.000000 
10.000000 10.000000 10.000000 10.000000 10.000000 10.000000 10.000000 10.000000 10.000000 10.000000 10.000000 
10.000000 10.000000 10.000000 10.000000 10.000000 10.000000 10.000000 10.000000 10.000000 10.000000 10.000000 
10.000000 10.000000 10.000000 10.000000 10.000000 10.000000 10.000000 10.000000 10.000000 10.000000 10.000000 
10.000000 10.000000 10.000000 10.000000 10.000000 10.000000 10.000000 10.000000 10.000000 10.000000 10.000000 
10.000000 10.000000 10.000000 10.000000 10.000000 10.000000 10.000000 10.000000 10.000000 10.000000 10.000000 
10.000000 10.000000 10.000000 10.000000 10.000000 10.000000 10.000000 10.000000 10.000000 10.000000 10.000000 
10.000000 10.000000 10.000000 10.000000 10.000000 10.000000 10.000000 10.000000 10.000000 10.000000 10.000000 
10.000000 10.000000 10.000000 10.000000 10.000000 10.000000 10.000000 10.000000 10.000000 10.000000 10.000000 
10.000000 10.000000 10.000000 10.000000 10.000000 10.000000 10.000000 10.000000 10.000000 10.000000 10.000000 
10.000000 10.000000 10.000000 10.000000 10.000000 10.000000 10.000000 10.000000 10.000000 10.000000 10.000000 
10.000000 10.000000 10.000000 10.000000 10.000000 10.000000 10.000000 10.000000 10.000000 10.000000 10.000000 
10.000000 10.000000 10.000000 10.000000 10.000000 10.000000 10.000000 10.000000 10.000000 10.000000 10.000000 
10.000000 10.000000 10.000000 10.000000 10.000000 10.000000 10.000000 10.000000 10.000000 10.000000 10.000000 
10.000000 10.000000 10.000000 10.000000 10.000000 10.000000 10.000000 10.000000 10.000000 10.000000 10.000000 
10.000000 10.000000 10.000000 10.000000 10.000000 10.000000 10.000000 10.000000 10.000000 10.000000 10.000000 
10.000000 10.000000 10.000000 10.000000 10.000000 10.000000 10.000000 10.000000 10.000000 10.000000 10.000000 
10.000000 10.000000 10.000000 10.000000 10.000000 10.000000 10.000000 10.000000 10.000000 10.000000 10.000000 
10.000000 10.000000 10.000000 10.000000 10.000000 10.000000 10.000000 10.000000 10.000000 10.000000 10.000000 
10.000000 10.000000 10.000000 10.000000 10.000000 10.000000 10.000000 10.000000 10.000000 10.000000 10.000000 
10.000000 10.000000 10.000000 10.000000 Ooops...256 printing limit found...skipping printing...
Writing first result: result1.dat...
Checking matrixA for errors...
No errors found
Executing matrix_matrix_mult(matrixA, matrixB, matrixC)...
9.555000 ms
---------- Matrix C ----------
51200.000000 51200.000000 51200.000000 51200.000000 51200.000000 51200.000000 51200.000000 51200.000000 51200.000000 
51200.000000 51200.000000 51200.000000 51200.000000 51200.000000 51200.000000 51200.000000 51200.000000 51200.000000 
51200.000000 51200.000000 51200.000000 51200.000000 51200.000000 51200.000000 51200.000000 51200.000000 51200.000000 
51200.000000 51200.000000 51200.000000 51200.000000 51200.000000 51200.000000 51200.000000 51200.000000 51200.000000 
51200.000000 51200.000000 51200.000000 51200.000000 51200.000000 51200.000000 51200.000000 51200.000000 51200.000000 
51200.000000 51200.000000 51200.000000 51200.000000 51200.000000 51200.000000 51200.000000 51200.000000 51200.000000 
51200.000000 51200.000000 51200.000000 51200.000000 51200.000000 51200.000000 51200.000000 51200.000000 51200.000000 
51200.000000 51200.000000 51200.000000 51200.000000 51200.000000 51200.000000 51200.000000 51200.000000 51200.000000 
51200.000000 51200.000000 51200.000000 51200.000000 51200.000000 51200.000000 51200.000000 51200.000000 51200.000000 
51200.000000 51200.000000 51200.000000 51200.000000 51200.000000 51200.000000 51200.000000 51200.000000 51200.000000 
51200.000000 51200.000000 51200.000000 51200.000000 51200.000000 51200.000000 51200.000000 51200.000000 51200.000000 
51200.000000 51200.000000 51200.000000 51200.000000 51200.000000 51200.000000 51200.000000 51200.000000 51200.000000 
51200.000000 51200.000000 51200.000000 51200.000000 51200.000000 51200.000000 51200.000000 51200.000000 51200.000000 
51200.000000 51200.000000 51200.000000 51200.000000 51200.000000 51200.000000 51200.000000 51200.000000 51200.000000 
51200.000000 51200.000000 51200.000000 51200.000000 51200.000000 51200.000000 51200.000000 51200.000000 51200.000000 
51200.000000 51200.000000 51200.000000 51200.000000 51200.000000 51200.000000 51200.000000 51200.000000 51200.000000 
51200.000000 51200.000000 51200.000000 51200.000000 51200.000000 51200.000000 51200.000000 51200.000000 51200.000000 
51200.000000 51200.000000 51200.000000 51200.000000 51200.000000 51200.000000 51200.000000 51200.000000 51200.000000 
51200.000000 51200.000000 51200.000000 51200.000000 51200.000000 51200.000000 51200.000000 51200.000000 51200.000000 
51200.000000 51200.000000 51200.000000 51200.000000 51200.000000 51200.000000 51200.000000 51200.000000 51200.000000 
51200.000000 51200.000000 51200.000000 51200.000000 51200.000000 51200.000000 51200.000000 51200.000000 51200.000000 
51200.000000 51200.000000 51200.000000 51200.000000 51200.000000 51200.000000 51200.000000 51200.000000 51200.000000 
51200.000000 51200.000000 51200.000000 51200.000000 51200.000000 51200.000000 51200.000000 51200.000000 51200.000000 
51200.000000 51200.000000 51200.000000 51200.000000 51200.000000 51200.000000 51200.000000 51200.000000 51200.000000 
51200.000000 51200.000000 51200.000000 51200.000000 51200.000000 51200.000000 51200.000000 51200.000000 51200.000000 
51200.000000 51200.000000 51200.000000 51200.000000 51200.000000 51200.000000 51200.000000 51200.000000 51200.000000 
51200.000000 51200.000000 51200.000000 51200.000000 51200.000000 51200.000000 51200.000000 51200.000000 51200.000000 
51200.000000 51200.000000 51200.000000 51200.000000 51200.000000 51200.000000 51200.000000 51200.000000 51200.000000 
51200.000000 51200.000000 51200.000000 51200.000000 51200.000000 Ooops...256 printing limit found...skipping printing...
Writing second result: result2.dat...
Checking matrixC for errors...
No errors found
1.159000 ms
Overall time: 115.612999 ms

Matriz de 2048 x 2048 (FULL) :

Executing scalar_matrix_mult(  5.0, matrixA)...
0.160000 ms
---------- Matrix A ----------
10.000000 10.000000 10.000000 10.000000 10.000000 10.000000 10.000000 10.000000 10.000000 10.000000 10.000000 10.000000 
10.000000 10.000000 10.000000 10.000000 10.000000 10.000000 10.000000 10.000000 10.000000 10.000000 10.000000 10.000000 
10.000000 10.000000 10.000000 10.000000 10.000000 10.000000 10.000000 10.000000 10.000000 10.000000 10.000000 10.000000 
10.000000 10.000000 10.000000 10.000000 10.000000 10.000000 10.000000 10.000000 10.000000 10.000000 10.000000 10.000000 
10.000000 10.000000 10.000000 10.000000 10.000000 10.000000 10.000000 10.000000 10.000000 10.000000 10.000000 10.000000 
10.000000 10.000000 10.000000 10.000000 10.000000 10.000000 10.000000 10.000000 10.000000 10.000000 10.000000 10.000000 
10.000000 10.000000 10.000000 10.000000 10.000000 10.000000 10.000000 10.000000 10.000000 10.000000 10.000000 10.000000 
10.000000 10.000000 10.000000 10.000000 10.000000 10.000000 10.000000 10.000000 10.000000 10.000000 10.000000 10.000000 
10.000000 10.000000 10.000000 10.000000 10.000000 10.000000 10.000000 10.000000 10.000000 10.000000 10.000000 10.000000 
10.000000 10.000000 10.000000 10.000000 10.000000 10.000000 10.000000 10.000000 10.000000 10.000000 10.000000 10.000000 
10.000000 10.000000 10.000000 10.000000 10.000000 10.000000 10.000000 10.000000 10.000000 10.000000 10.000000 10.000000 
10.000000 10.000000 10.000000 10.000000 10.000000 10.000000 10.000000 10.000000 10.000000 10.000000 10.000000 10.000000 
10.000000 10.000000 10.000000 10.000000 10.000000 10.000000 10.000000 10.000000 10.000000 10.000000 10.000000 10.000000 
10.000000 10.000000 10.000000 10.000000 10.000000 10.000000 10.000000 10.000000 10.000000 10.000000 10.000000 10.000000 
10.000000 10.000000 10.000000 10.000000 10.000000 10.000000 10.000000 10.000000 10.000000 10.000000 10.000000 10.000000 
10.000000 10.000000 10.000000 10.000000 10.000000 10.000000 10.000000 10.000000 10.000000 10.000000 10.000000 10.000000 
10.000000 10.000000 10.000000 10.000000 10.000000 10.000000 10.000000 10.000000 10.000000 10.000000 10.000000 10.000000 
10.000000 10.000000 10.000000 10.000000 10.000000 10.000000 10.000000 10.000000 10.000000 10.000000 10.000000 10.000000 
10.000000 10.000000 10.000000 10.000000 10.000000 10.000000 10.000000 10.000000 10.000000 10.000000 10.000000 10.000000 
10.000000 10.000000 10.000000 10.000000 10.000000 10.000000 10.000000 10.000000 10.000000 10.000000 10.000000 10.000000 
10.000000 10.000000 10.000000 10.000000 10.000000 10.000000 10.000000 10.000000 10.000000 10.000000 10.000000 10.000000 
10.000000 10.000000 10.000000 10.000000 10.000000 Ooops...256 printing limit found...skipping printing...
Writing first result: result1.dat...
Checking matrixA for errors...
No errors found
Executing matrix_matrix_mult(matrixA, matrixB, matrixC)...
1207.901001 ms
---------- Matrix C ----------
102400.000000 102400.000000 102400.000000 102400.000000 102400.000000 102400.000000 102400.000000 102400.000000 102400.000000 
102400.000000 102400.000000 102400.000000 102400.000000 102400.000000 102400.000000 102400.000000 102400.000000 102400.000000 
102400.000000 102400.000000 102400.000000 102400.000000 102400.000000 102400.000000 102400.000000 102400.000000 102400.000000 
102400.000000 102400.000000 102400.000000 102400.000000 102400.000000 102400.000000 102400.000000 102400.000000 102400.000000 
102400.000000 102400.000000 102400.000000 102400.000000 102400.000000 102400.000000 102400.000000 102400.000000 102400.000000 
102400.000000 102400.000000 102400.000000 102400.000000 102400.000000 102400.000000 102400.000000 102400.000000 102400.000000 
102400.000000 102400.000000 102400.000000 102400.000000 102400.000000 102400.000000 102400.000000 102400.000000 102400.000000 
102400.000000 102400.000000 102400.000000 102400.000000 102400.000000 102400.000000 102400.000000 102400.000000 102400.000000 
102400.000000 102400.000000 102400.000000 102400.000000 102400.000000 102400.000000 102400.000000 102400.000000 102400.000000 
102400.000000 102400.000000 102400.000000 102400.000000 102400.000000 102400.000000 102400.000000 102400.000000 102400.000000 
102400.000000 102400.000000 102400.000000 102400.000000 102400.000000 102400.000000 102400.000000 102400.000000 102400.000000 
102400.000000 102400.000000 102400.000000 102400.000000 102400.000000 102400.000000 102400.000000 102400.000000 102400.000000 
102400.000000 102400.000000 102400.000000 102400.000000 102400.000000 102400.000000 102400.000000 102400.000000 102400.000000 
102400.000000 102400.000000 102400.000000 102400.000000 102400.000000 102400.000000 102400.000000 102400.000000 102400.000000 
102400.000000 102400.000000 102400.000000 102400.000000 102400.000000 102400.000000 102400.000000 102400.000000 102400.000000 
102400.000000 102400.000000 102400.000000 102400.000000 102400.000000 102400.000000 102400.000000 102400.000000 102400.000000 
102400.000000 102400.000000 102400.000000 102400.000000 102400.000000 102400.000000 102400.000000 102400.000000 102400.000000 
102400.000000 102400.000000 102400.000000 102400.000000 102400.000000 102400.000000 102400.000000 102400.000000 102400.000000 
102400.000000 102400.000000 102400.000000 102400.000000 102400.000000 102400.000000 102400.000000 102400.000000 102400.000000 
102400.000000 102400.000000 102400.000000 102400.000000 102400.000000 102400.000000 102400.000000 102400.000000 102400.000000 
102400.000000 102400.000000 102400.000000 102400.000000 102400.000000 102400.000000 102400.000000 102400.000000 102400.000000 
102400.000000 102400.000000 102400.000000 102400.000000 102400.000000 102400.000000 102400.000000 102400.000000 102400.000000 
102400.000000 102400.000000 102400.000000 102400.000000 102400.000000 102400.000000 102400.000000 102400.000000 102400.000000 
102400.000000 102400.000000 102400.000000 102400.000000 102400.000000 102400.000000 102400.000000 102400.000000 102400.000000 
102400.000000 102400.000000 102400.000000 102400.000000 102400.000000 102400.000000 102400.000000 102400.000000 102400.000000 
102400.000000 102400.000000 102400.000000 102400.000000 102400.000000 102400.000000 102400.000000 102400.000000 102400.000000 
102400.000000 102400.000000 102400.000000 102400.000000 102400.000000 102400.000000 102400.000000 102400.000000 102400.000000 
102400.000000 102400.000000 102400.000000 102400.000000 102400.000000 102400.000000 102400.000000 102400.000000 102400.000000 
102400.000000 102400.000000 102400.000000 102400.000000 102400.000000 Ooops...256 printing limit found...skipping printing...
Writing second result: result2.dat...
Checking matrixC for errors...
No errors found
4.591000 ms
Overall time: 1344.513916 ms

Matriz de 2048 x 2048 (PARCIAL) :

Copying arrays from host to device...Executing scalar_matrix_mult(  5.0, matrixA)...
0.163000 ms
---------- Matrix A ----------
10.000000 10.000000 10.000000 10.000000 10.000000 10.000000 10.000000 10.000000 10.000000 10.000000 10.000000 10.000000 10.000000 
10.000000 10.000000 10.000000 10.000000 10.000000 10.000000 10.000000 10.000000 10.000000 10.000000 10.000000 10.000000 10.000000 
10.000000 10.000000 10.000000 10.000000 10.000000 10.000000 10.000000 10.000000 10.000000 10.000000 10.000000 10.000000 10.000000 
10.000000 10.000000 10.000000 10.000000 10.000000 10.000000 10.000000 10.000000 10.000000 10.000000 10.000000 10.000000 10.000000 
10.000000 10.000000 10.000000 10.000000 10.000000 10.000000 10.000000 10.000000 10.000000 10.000000 10.000000 10.000000 10.000000 
10.000000 10.000000 10.000000 10.000000 10.000000 10.000000 10.000000 10.000000 10.000000 10.000000 10.000000 10.000000 10.000000 
10.000000 10.000000 10.000000 10.000000 10.000000 10.000000 10.000000 10.000000 10.000000 10.000000 10.000000 10.000000 10.000000 
10.000000 10.000000 10.000000 10.000000 10.000000 10.000000 10.000000 10.000000 10.000000 10.000000 10.000000 10.000000 10.000000 
10.000000 10.000000 10.000000 10.000000 10.000000 10.000000 10.000000 10.000000 10.000000 10.000000 10.000000 10.000000 10.000000 
10.000000 10.000000 10.000000 10.000000 10.000000 10.000000 10.000000 10.000000 10.000000 10.000000 10.000000 10.000000 10.000000 
10.000000 10.000000 10.000000 10.000000 10.000000 10.000000 10.000000 10.000000 10.000000 10.000000 10.000000 10.000000 10.000000 
10.000000 10.000000 10.000000 10.000000 10.000000 10.000000 10.000000 10.000000 10.000000 10.000000 10.000000 10.000000 10.000000 
10.000000 10.000000 10.000000 10.000000 10.000000 10.000000 10.000000 10.000000 10.000000 10.000000 10.000000 10.000000 10.000000 
10.000000 10.000000 10.000000 10.000000 10.000000 10.000000 10.000000 10.000000 10.000000 10.000000 10.000000 10.000000 10.000000 
10.000000 10.000000 10.000000 10.000000 10.000000 10.000000 10.000000 10.000000 10.000000 10.000000 10.000000 10.000000 10.000000 
10.000000 10.000000 10.000000 10.000000 10.000000 10.000000 10.000000 10.000000 10.000000 10.000000 10.000000 10.000000 10.000000 
10.000000 10.000000 10.000000 10.000000 10.000000 10.000000 10.000000 10.000000 10.000000 10.000000 10.000000 10.000000 10.000000 
10.000000 10.000000 10.000000 10.000000 10.000000 10.000000 10.000000 10.000000 10.000000 10.000000 10.000000 10.000000 10.000000 
10.000000 10.000000 10.000000 10.000000 10.000000 10.000000 10.000000 10.000000 10.000000 10.000000 10.000000 10.000000 10.000000 
10.000000 10.000000 10.000000 10.000000 10.000000 10.000000 10.000000 10.000000 10.000000 10.000000 Ooops...256 printing limit found...skipping printing...
Writing first result: result1.dat...
Checking matrixA for errors...
No errors found
Executing matrix_matrix_mult(matrixA, matrixB, matrixC)...
81.473000 ms
---------- Matrix C ----------
102400.000000 102400.000000 102400.000000 102400.000000 102400.000000 102400.000000 102400.000000 102400.000000 102400.000000 
102400.000000 102400.000000 102400.000000 102400.000000 102400.000000 102400.000000 102400.000000 102400.000000 102400.000000 
102400.000000 102400.000000 102400.000000 102400.000000 102400.000000 102400.000000 102400.000000 102400.000000 102400.000000 
102400.000000 102400.000000 102400.000000 102400.000000 102400.000000 102400.000000 102400.000000 102400.000000 102400.000000 
102400.000000 102400.000000 102400.000000 102400.000000 102400.000000 102400.000000 102400.000000 102400.000000 102400.000000 
102400.000000 102400.000000 102400.000000 102400.000000 102400.000000 102400.000000 102400.000000 102400.000000 102400.000000 
102400.000000 102400.000000 102400.000000 102400.000000 102400.000000 102400.000000 102400.000000 102400.000000 102400.000000 
102400.000000 102400.000000 102400.000000 102400.000000 102400.000000 102400.000000 102400.000000 102400.000000 102400.000000 
102400.000000 102400.000000 102400.000000 102400.000000 102400.000000 102400.000000 102400.000000 102400.000000 102400.000000 
102400.000000 102400.000000 102400.000000 102400.000000 102400.000000 102400.000000 102400.000000 102400.000000 102400.000000 
102400.000000 102400.000000 102400.000000 102400.000000 102400.000000 102400.000000 102400.000000 102400.000000 102400.000000 
102400.000000 102400.000000 102400.000000 102400.000000 102400.000000 102400.000000 102400.000000 102400.000000 102400.000000 
102400.000000 102400.000000 102400.000000 102400.000000 102400.000000 102400.000000 102400.000000 102400.000000 102400.000000 
102400.000000 102400.000000 102400.000000 102400.000000 102400.000000 102400.000000 102400.000000 102400.000000 102400.000000 
102400.000000 102400.000000 102400.000000 102400.000000 102400.000000 102400.000000 102400.000000 102400.000000 102400.000000 
102400.000000 102400.000000 102400.000000 102400.000000 102400.000000 102400.000000 102400.000000 102400.000000 102400.000000 
102400.000000 102400.000000 102400.000000 102400.000000 102400.000000 102400.000000 102400.000000 102400.000000 102400.000000 
102400.000000 102400.000000 102400.000000 102400.000000 102400.000000 102400.000000 102400.000000 102400.000000 102400.000000 
102400.000000 102400.000000 102400.000000 102400.000000 102400.000000 102400.000000 102400.000000 102400.000000 102400.000000 
102400.000000 102400.000000 102400.000000 102400.000000 102400.000000 102400.000000 102400.000000 102400.000000 102400.000000 
102400.000000 102400.000000 102400.000000 102400.000000 102400.000000 102400.000000 102400.000000 102400.000000 102400.000000 
102400.000000 102400.000000 102400.000000 102400.000000 102400.000000 102400.000000 102400.000000 102400.000000 102400.000000 
102400.000000 102400.000000 102400.000000 102400.000000 102400.000000 102400.000000 102400.000000 102400.000000 102400.000000 
102400.000000 102400.000000 102400.000000 102400.000000 102400.000000 102400.000000 102400.000000 102400.000000 102400.000000 
102400.000000 102400.000000 102400.000000 102400.000000 102400.000000 102400.000000 102400.000000 102400.000000 102400.000000 
102400.000000 102400.000000 102400.000000 102400.000000 102400.000000 102400.000000 102400.000000 102400.000000 102400.000000 
102400.000000 102400.000000 102400.000000 102400.000000 102400.000000 102400.000000 102400.000000 102400.000000 102400.000000 
102400.000000 102400.000000 102400.000000 102400.000000 102400.000000 102400.000000 102400.000000 102400.000000 102400.000000 
102400.000000 102400.000000 102400.000000 102400.000000 102400.000000 Ooops...256 printing limit found...skipping printing...
Writing second result: result2.dat...
Checking matrixC for errors...
No errors found
4.481000 ms
Overall time: 215.740997 ms


Saida do lscpu :

Architecture:             x86_64
  CPU op-mode(s):         32-bit, 64-bit
  Address sizes:          39 bits physical, 48 bits virtual
  Byte Order:             Little Endian
CPU(s):                   12
  On-line CPU(s) list:    0-11
Vendor ID:                GenuineIntel
  Model name:             12th Gen Intel(R) Core(TM) i5-12400
    CPU family:           6
    Model:                151
    Thread(s) per core:   2
    Core(s) per socket:   6
    Socket(s):            1
    Stepping:             5
    CPU(s) scaling MHz:   18%
    CPU max MHz:          4400.0000
    CPU min MHz:          800.0000
    BogoMIPS:             4992.00
    Flags:                fpu vme de pse tsc msr pae mce cx8 apic sep mtrr pge mca cmov pat pse36 clflush dts 
                          acpi mmx fxsr sse sse2 ss ht tm pbe syscall nx pdpe1gb rdtscp lm constant_tsc art ar
                          ch_perfmon pebs bts rep_good nopl xtopology nonstop_tsc cpuid aperfmperf tsc_known_f
                          req pni pclmulqdq dtes64 monitor ds_cpl vmx est tm2 ssse3 sdbg fma cx16 xtpr pdcm pc
                          id sse4_1 sse4_2 x2apic movbe popcnt tsc_deadline_timer aes xsave avx f16c rdrand la
                          hf_lm abm 3dnowprefetch cpuid_fault epb ssbd ibrs ibpb stibp ibrs_enhanced tpr_shado
                          w flexpriority ept vpid ept_ad fsgsbase tsc_adjust bmi1 avx2 smep bmi2 erms invpcid 
                          rdseed adx smap clflushopt clwb intel_pt sha_ni xsaveopt xsavec xgetbv1 xsaves split
                          _lock_detect user_shstk avx_vnni dtherm ida arat pln pts hwp hwp_notify hwp_act_wind
                          ow hwp_epp hwp_pkg_req hfi vnmi umip pku ospke waitpkg gfni vaes vpclmulqdq rdpid mo
                          vdiri movdir64b fsrm md_clear serialize arch_lbr ibt flush_l1d arch_capabilities
Virtualization features:  
  Virtualization:         VT-x
Caches (sum of all):      
  L1d:                    288 KiB (6 instances)
  L1i:                    192 KiB (6 instances)
  L2:                     7.5 MiB (6 instances)
  L3:                     18 MiB (1 instance)
NUMA:                     
  NUMA node(s):           1
  NUMA node0 CPU(s):      0-11
Vulnerabilities:          
  Gather data sampling:   Not affected
  Itlb multihit:          Not affected
  L1tf:                   Not affected
  Mds:                    Not affected
  Meltdown:               Not affected
  Mmio stale data:        Not affected
  Reg file data sampling: Not affected
  Retbleed:               Not affected
  Spec rstack overflow:   Not affected
  Spec store bypass:      Mitigation; Speculative Store Bypass disabled via prctl
  Spectre v1:             Mitigation; usercopy/swapgs barriers and __user pointer sanitization
  Spectre v2:             Mitigation; Enhanced / Automatic IBRS; IBPB conditional; RSB filling; PBRSB-eIBRS SW
                           sequence; BHI BHI_DIS_S
  Srbds:                  Not affected
  Tsx async abort:        Not affected

Saida do gpu detect (lspci):

00:00.0 Host bridge: Intel Corporation 12th Gen Core Processor Host Bridge (rev 05)
00:01.0 PCI bridge: Intel Corporation 12th Gen Core Processor PCI Express x16 Controller #1 (rev 05)
00:0a.0 Signal processing controller: Intel Corporation Platform Monitoring Technology (rev 01)
00:0e.0 RAID bus controller: Intel Corporation Volume Management Device NVMe RAID Controller
00:14.0 USB controller: Intel Corporation Alder Lake-S PCH USB 3.2 Gen 2x2 XHCI Controller (rev 11)
00:14.2 RAM memory: Intel Corporation Alder Lake-S PCH Shared SRAM (rev 11)
00:15.0 Serial bus controller: Intel Corporation Alder Lake-S PCH Serial IO I2C Controller #0 (rev 11)
00:15.1 Serial bus controller: Intel Corporation Alder Lake-S PCH Serial IO I2C Controller #1 (rev 11)
00:15.2 Serial bus controller: Intel Corporation Alder Lake-S PCH Serial IO I2C Controller #2 (rev 11)
00:16.0 Communication controller: Intel Corporation Alder Lake-S PCH HECI Controller #1 (rev 11)
00:17.0 SATA controller: Intel Corporation Alder Lake-S PCH SATA Controller [AHCI Mode] (rev 11)
00:1a.0 PCI bridge: Intel Corporation Alder Lake-S PCH PCI Express Root Port #25 (rev 11)
00:1c.0 PCI bridge: Intel Corporation Alder Lake-S PCH PCI Express Root Port #1 (rev 11)
00:1c.2 PCI bridge: Intel Corporation Alder Lake-S PCH PCI Express Root Port #3 (rev 11)
00:1c.4 PCI bridge: Intel Corporation Alder Lake-S PCH PCI Express Root Port #5 (rev 11)
00:1f.0 ISA bridge: Intel Corporation Device 7a86 (rev 11)
00:1f.3 Audio device: Intel Corporation Alder Lake-S HD Audio Controller (rev 11)
00:1f.4 SMBus: Intel Corporation Alder Lake-S PCH SMBus Controller (rev 11)
00:1f.5 Serial bus controller: Intel Corporation Alder Lake-S PCH SPI Controller (rev 11)
01:00.0 VGA compatible controller: NVIDIA Corporation AD104 [GeForce RTX 4070 Ti] (rev a1)
01:00.1 Audio device: NVIDIA Corporation Device 22bc (rev a1)
02:00.0 Non-Volatile memory controller: ADATA Technology Co., Ltd. XPG SX8200 Pro PCIe Gen3x4 M.2 2280 Solid State Drive (rev 03)
03:00.0 USB controller: ASMedia Technology Inc. ASM2142/ASM3142 USB 3.1 Host Controller
04:00.0 Ethernet controller: Realtek Semiconductor Co., Ltd. RTL8125 2.5GbE Controller (rev 05)
05:00.0 Network controller: Intel Corporation Wireless 7260 (rev cb)
