Lívia Lutz dos Santos - 2211055
Ana Luiza Pinto Marques - 2211960

Saída do programa :

Matriz de 1024 x 1024 :

Executing scalar_matrix_mult(  5.0, matrixA)...
1.233000 ms
---------- Matrix A ----------
10.000000 10.000000 10.000000 10.000000 10.000000 10.000000 10.000000 10.000000 10.000000 10.000000 10.000000 10.000000 10.000000 10.000000 10.000000 10.000000 10.000000 10.000000 10.000000 10.000000 10.000000 10.000000 10.000000 10.000000 10.000000 10.000000 10.000000 10.000000 10.000000 10.000000 10.000000 10.000000 10.000000 10.000000 10.000000 10.000000 10.000000 10.000000 10.000000 10.000000 10.000000 10.000000 10.000000 10.000000 10.000000 10.000000 10.000000 10.000000 10.000000 10.000000 10.000000 10.000000 10.000000 10.000000 10.000000 10.000000 10.000000 10.000000 10.000000 10.000000 10.000000 10.000000 10.000000 10.000000 10.000000 10.000000 10.000000 10.000000 10.000000 10.000000 10.000000 10.000000 10.000000 10.000000 10.000000 10.000000 10.000000 10.000000 10.000000 10.000000 10.000000 10.000000 10.000000 10.000000 10.000000 10.000000 10.000000 10.000000 10.000000 10.000000 10.000000 10.000000 10.000000 10.000000 10.000000 10.000000 10.000000 10.000000 10.000000 10.000000 10.000000 10.000000 10.000000 10.000000 10.000000 10.000000 10.000000 10.000000 10.000000 10.000000 10.000000 10.000000 10.000000 10.000000 10.000000 10.000000 10.000000 10.000000 10.000000 10.000000 10.000000 10.000000 10.000000 10.000000 10.000000 10.000000 10.000000 10.000000 10.000000 10.000000 10.000000 10.000000 10.000000 10.000000 10.000000 10.000000 10.000000 10.000000 10.000000 10.000000 10.000000 10.000000 10.000000 10.000000 10.000000 10.000000 10.000000 10.000000 10.000000 10.000000 10.000000 10.000000 10.000000 10.000000 10.000000 10.000000 10.000000 10.000000 10.000000 10.000000 10.000000 10.000000 10.000000 10.000000 10.000000 10.000000 10.000000 10.000000 10.000000 10.000000 10.000000 10.000000 10.000000 10.000000 10.000000 10.000000 10.000000 10.000000 10.000000 10.000000 10.000000 10.000000 10.000000 10.000000 10.000000 10.000000 10.000000 10.000000 10.000000 10.000000 10.000000 10.000000 10.000000 10.000000 10.000000 10.000000 10.000000 10.000000 10.000000 10.000000 10.000000 10.000000 10.000000 10.000000 10.000000 10.000000 10.000000 10.000000 10.000000 10.000000 10.000000 10.000000 10.000000 10.000000 10.000000 10.000000 10.000000 10.000000 10.000000 10.000000 10.000000 10.000000 10.000000 10.000000 10.000000 10.000000 10.000000 10.000000 10.000000 10.000000 10.000000 10.000000 10.000000 10.000000 10.000000 10.000000 10.000000 10.000000 10.000000 10.000000 10.000000 10.000000 10.000000 10.000000 10.000000 10.000000 10.000000 10.000000 10.000000 10.000000 10.000000 10.000000 10.000000 10.000000 10.000000 10.000000 10.000000 Ooops...256 printing limit found...skipping printing...
Writing first result: result1.dat...
Executing matrix_matrix_mult(matrixA, matrixB, matrixC)...
411.212006 ms
---------- Matrix C ----------
51200.000000 51200.000000 51200.000000 51200.000000 51200.000000 51200.000000 51200.000000 51200.000000 51200.000000 51200.000000 51200.000000 51200.000000 51200.000000 51200.000000 51200.000000 51200.000000 51200.000000 51200.000000 51200.000000 51200.000000 51200.000000 51200.000000 51200.000000 51200.000000 51200.000000 51200.000000 51200.000000 51200.000000 51200.000000 51200.000000 51200.000000 51200.000000 51200.000000 51200.000000 51200.000000 51200.000000 51200.000000 51200.000000 51200.000000 51200.000000 51200.000000 51200.000000 51200.000000 51200.000000 51200.000000 51200.000000 51200.000000 51200.000000 51200.000000 51200.000000 51200.000000 51200.000000 51200.000000 51200.000000 51200.000000 51200.000000 51200.000000 51200.000000 51200.000000 51200.000000 51200.000000 51200.000000 51200.000000 51200.000000 51200.000000 51200.000000 51200.000000 51200.000000 51200.000000 51200.000000 51200.000000 51200.000000 51200.000000 51200.000000 51200.000000 51200.000000 51200.000000 51200.000000 51200.000000 51200.000000 51200.000000 51200.000000 51200.000000 51200.000000 51200.000000 51200.000000 51200.000000 51200.000000 51200.000000 51200.000000 51200.000000 51200.000000 51200.000000 51200.000000 51200.000000 51200.000000 51200.000000 51200.000000 51200.000000 51200.000000 51200.000000 51200.000000 51200.000000 51200.000000 51200.000000 51200.000000 51200.000000 51200.000000 51200.000000 51200.000000 51200.000000 51200.000000 51200.000000 51200.000000 51200.000000 51200.000000 51200.000000 51200.000000 51200.000000 51200.000000 51200.000000 51200.000000 51200.000000 51200.000000 51200.000000 51200.000000 51200.000000 51200.000000 51200.000000 51200.000000 51200.000000 51200.000000 51200.000000 51200.000000 51200.000000 51200.000000 51200.000000 51200.000000 51200.000000 51200.000000 51200.000000 51200.000000 51200.000000 51200.000000 51200.000000 51200.000000 51200.000000 51200.000000 51200.000000 51200.000000 51200.000000 51200.000000 51200.000000 51200.000000 51200.000000 51200.000000 51200.000000 51200.000000 51200.000000 51200.000000 51200.000000 51200.000000 51200.000000 51200.000000 51200.000000 51200.000000 51200.000000 51200.000000 51200.000000 51200.000000 51200.000000 51200.000000 51200.000000 51200.000000 51200.000000 51200.000000 51200.000000 51200.000000 51200.000000 51200.000000 51200.000000 51200.000000 51200.000000 51200.000000 51200.000000 51200.000000 51200.000000 51200.000000 51200.000000 51200.000000 51200.000000 51200.000000 51200.000000 51200.000000 51200.000000 51200.000000 51200.000000 51200.000000 51200.000000 51200.000000 51200.000000 51200.000000 51200.000000 51200.000000 51200.000000 51200.000000 51200.000000 51200.000000 51200.000000 51200.000000 51200.000000 51200.000000 51200.000000 51200.000000 51200.000000 51200.000000 51200.000000 51200.000000 51200.000000 51200.000000 51200.000000 51200.000000 51200.000000 51200.000000 51200.000000 51200.000000 51200.000000 51200.000000 51200.000000 51200.000000 51200.000000 51200.000000 51200.000000 51200.000000 51200.000000 51200.000000 51200.000000 51200.000000 51200.000000 51200.000000 51200.000000 51200.000000 51200.000000 51200.000000 51200.000000 51200.000000 51200.000000 51200.000000 51200.000000 51200.000000 51200.000000 51200.000000 51200.000000 51200.000000 51200.000000 51200.000000 51200.000000 Ooops...256 printing limit found...skipping printing...
Writing second result: result2.dat...
Checking matrixC for errors...
No errors found
3.327000 ms
Overall time: 432.881012 ms


Matriz de 2028 x 2048 :

Executing scalar_matrix_mult(  5.0, matrixA)...
10.377000 ms
---------- Matrix A ----------
10.000000 10.000000 10.000000 10.000000 10.000000 10.000000 10.000000 10.000000 10.000000 10.000000 10.000000 10.000000 10.000000 10.000000 10.000000 10.000000 10.000000 10.000000 10.000000 10.000000 10.000000 10.000000 10.000000 10.000000 10.000000 10.000000 10.000000 10.000000 10.000000 10.000000 10.000000 10.000000 10.000000 10.000000 10.000000 10.000000 10.000000 10.000000 10.000000 10.000000 10.000000 10.000000 10.000000 10.000000 10.000000 10.000000 10.000000 10.000000 10.000000 10.000000 10.000000 10.000000 10.000000 10.000000 10.000000 10.000000 10.000000 10.000000 10.000000 10.000000 10.000000 10.000000 10.000000 10.000000 10.000000 10.000000 10.000000 10.000000 10.000000 10.000000 10.000000 10.000000 10.000000 10.000000 10.000000 10.000000 10.000000 10.000000 10.000000 10.000000 10.000000 10.000000 10.000000 10.000000 10.000000 10.000000 10.000000 10.000000 10.000000 10.000000 10.000000 10.000000 10.000000 10.000000 10.000000 10.000000 10.000000 10.000000 10.000000 10.000000 10.000000 10.000000 10.000000 10.000000 10.000000 10.000000 10.000000 10.000000 10.000000 10.000000 10.000000 10.000000 10.000000 10.000000 10.000000 10.000000 10.000000 10.000000 10.000000 10.000000 10.000000 10.000000 10.000000 10.000000 10.000000 10.000000 10.000000 10.000000 10.000000 10.000000 10.000000 10.000000 10.000000 10.000000 10.000000 10.000000 10.000000 10.000000 10.000000 10.000000 10.000000 10.000000 10.000000 10.000000 10.000000 10.000000 10.000000 10.000000 10.000000 10.000000 10.000000 10.000000 10.000000 10.000000 10.000000 10.000000 10.000000 10.000000 10.000000 10.000000 10.000000 10.000000 10.000000 10.000000 10.000000 10.000000 10.000000 10.000000 10.000000 10.000000 10.000000 10.000000 10.000000 10.000000 10.000000 10.000000 10.000000 10.000000 10.000000 10.000000 10.000000 10.000000 10.000000 10.000000 10.000000 10.000000 10.000000 10.000000 10.000000 10.000000 10.000000 10.000000 10.000000 10.000000 10.000000 10.000000 10.000000 10.000000 10.000000 10.000000 10.000000 10.000000 10.000000 10.000000 10.000000 10.000000 10.000000 10.000000 10.000000 10.000000 10.000000 10.000000 10.000000 10.000000 10.000000 10.000000 10.000000 10.000000 10.000000 10.000000 10.000000 10.000000 10.000000 10.000000 10.000000 10.000000 10.000000 10.000000 10.000000 10.000000 10.000000 10.000000 10.000000 10.000000 10.000000 10.000000 10.000000 10.000000 10.000000 10.000000 10.000000 10.000000 10.000000 10.000000 10.000000 10.000000 10.000000 10.000000 10.000000 10.000000 10.000000 10.000000 10.000000 10.000000 10.000000 10.000000 10.000000 Ooops...256 printing limit found...skipping printing...
Writing first result: result1.dat...
Executing matrix_matrix_mult(matrixA, matrixB, matrixC)...
2767.308105 ms
---------- Matrix C ----------
102400.000000 102400.000000 102400.000000 102400.000000 102400.000000 102400.000000 102400.000000 102400.000000 102400.000000 102400.000000 102400.000000 102400.000000 102400.000000 102400.000000 102400.000000 102400.000000 102400.000000 102400.000000 102400.000000 102400.000000 102400.000000 102400.000000 102400.000000 102400.000000 102400.000000 102400.000000 102400.000000 102400.000000 102400.000000 102400.000000 102400.000000 102400.000000 102400.000000 102400.000000 102400.000000 102400.000000 102400.000000 102400.000000 102400.000000 102400.000000 102400.000000 102400.000000 102400.000000 102400.000000 102400.000000 102400.000000 102400.000000 102400.000000 102400.000000 102400.000000 102400.000000 102400.000000 102400.000000 102400.000000 102400.000000 102400.000000 102400.000000 102400.000000 102400.000000 102400.000000 102400.000000 102400.000000 102400.000000 102400.000000 102400.000000 102400.000000 102400.000000 102400.000000 102400.000000 102400.000000 102400.000000 102400.000000 102400.000000 102400.000000 102400.000000 102400.000000 102400.000000 102400.000000 102400.000000 102400.000000 102400.000000 102400.000000 102400.000000 102400.000000 102400.000000 102400.000000 102400.000000 102400.000000 102400.000000 102400.000000 102400.000000 102400.000000 102400.000000 102400.000000 102400.000000 102400.000000 102400.000000 102400.000000 102400.000000 102400.000000 102400.000000 102400.000000 102400.000000 102400.000000 102400.000000 102400.000000 102400.000000 102400.000000 102400.000000 102400.000000 102400.000000 102400.000000 102400.000000 102400.000000 102400.000000 102400.000000 102400.000000 102400.000000 102400.000000 102400.000000 102400.000000 102400.000000 102400.000000 102400.000000 102400.000000 102400.000000 102400.000000 102400.000000 102400.000000 102400.000000 102400.000000 102400.000000 102400.000000 102400.000000 102400.000000 102400.000000 102400.000000 102400.000000 102400.000000 102400.000000 102400.000000 102400.000000 102400.000000 102400.000000 102400.000000 102400.000000 102400.000000 102400.000000 102400.000000 102400.000000 102400.000000 102400.000000 102400.000000 102400.000000 102400.000000 102400.000000 102400.000000 102400.000000 102400.000000 102400.000000 102400.000000 102400.000000 102400.000000 102400.000000 102400.000000 102400.000000 102400.000000 102400.000000 102400.000000 102400.000000 102400.000000 102400.000000 102400.000000 102400.000000 102400.000000 102400.000000 102400.000000 102400.000000 102400.000000 102400.000000 102400.000000 102400.000000 102400.000000 102400.000000 102400.000000 102400.000000 102400.000000 102400.000000 102400.000000 102400.000000 102400.000000 102400.000000 102400.000000 102400.000000 102400.000000 102400.000000 102400.000000 102400.000000 102400.000000 102400.000000 102400.000000 102400.000000 102400.000000 102400.000000 102400.000000 102400.000000 102400.000000 102400.000000 102400.000000 102400.000000 102400.000000 102400.000000 102400.000000 102400.000000 102400.000000 102400.000000 102400.000000 102400.000000 102400.000000 102400.000000 102400.000000 102400.000000 102400.000000 102400.000000 102400.000000 102400.000000 102400.000000 102400.000000 102400.000000 102400.000000 102400.000000 102400.000000 102400.000000 102400.000000 102400.000000 102400.000000 102400.000000 102400.000000 102400.000000 102400.000000 102400.000000 102400.000000 102400.000000 102400.000000 102400.000000 102400.000000 102400.000000 102400.000000 102400.000000 102400.000000 102400.000000 102400.000000 102400.000000 102400.000000 102400.000000 102400.000000 102400.000000 Ooops...256 printing limit found...skipping printing...
Writing second result: result2.dat...
Checking matrixC for errors...
No errors found
10.130000 ms
Overall time: 2916.671875 ms


Saída do comando lscpu : 
Architecture:             x86_64
  CPU op-mode(s):         32-bit, 64-bit
  Address sizes:          39 bits physical, 48 bits virtual
  Byte Order:             Little Endian
CPU(s):                   3
  On-line CPU(s) list:    0-2
Vendor ID:                GenuineIntel
  Model name:             Intel(R) Core(TM) i3-10105F CPU @ 3.70GHz
    CPU family:           6
    Model:                165
    Thread(s) per core:   1
    Core(s) per socket:   3
    Socket(s):            1
    Stepping:             3
    BogoMIPS:             7392.00
    Flags:                fpu vme de pse tsc msr pae mce cx8 apic sep mtrr pge mca cmov pat pse36 clflush mmx fxsr sse sse2 ht syscall nx rdtscp lm constant_tsc rep_good nopl xtopology nons
                          top_tsc cpuid tsc_known_freq pni pclmulqdq ssse3 cx16 pcid sse4_1 sse4_2 x2apic movbe popcnt aes xsave avx rdrand hypervisor lahf_lm abm 3dnowprefetch fsgsbase bmi
                          1 avx2 bmi2 invpcid rdseed clflushopt md_clear flush_l1d arch_capabilities
Virtualization features:  
  Hypervisor vendor:      KVM
  Virtualization type:    full
Caches (sum of all):      
  L1d:                    96 KiB (3 instances)
  L1i:                    96 KiB (3 instances)
  L2:                     768 KiB (3 instances)
  L3:                     18 MiB (3 instances)
NUMA:                     
  NUMA node(s):           1
  NUMA node0 CPU(s):      0-2
Vulnerabilities:          
  Gather data sampling:   Unknown: Dependent on hypervisor status
  Itlb multihit:          KVM: Mitigation: VMX unsupported
  L1tf:                   Not affected
  Mds:                    Not affected
  Meltdown:               Not affected
  Mmio stale data:        Mitigation; Clear CPU buffers; SMT Host state unknown
  Reg file data sampling: Not affected
  Retbleed:               Vulnerable
  Spec rstack overflow:   Not affected
  Spec store bypass:      Vulnerable
  Spectre v1:             Mitigation; usercopy/swapgs barriers and __user pointer sanitization
  Spectre v2:             Mitigation; Retpolines; STIBP disabled; RSB filling; PBRSB-eIBRS Not affected; BHI Retpoline
  Srbds:                  Unknown: Dependent on hypervisor status
  Tsx async abort:        Not affected